"Jan" "Feb" "Mar" "Apr" "May" "Jun" "Jul" "Aug" "Sep" "Oct" "Nov" "Dec"
"31" 0.452191790653629 2.57585751502744 0.41290210509365 -2.08291377342971 1.44195623157758 2.30787239189218 2.06475527375332 0.29363060844382 -0.767388167863189 -0.0509997832726583 0.351190529037368 -2.54965521564725
"32" 2.01732540181193 1.5102878437082 -1.47330885231968 -0.928065810689418 -0.988255786750713 -0.60893895375257 -0.00252238608676691 -0.283955470212334 0.438852892800426 -1.11938392202651 2.29763680500515 -0.448420825219159
"33" -0.183501609008346 -1.81337942866311 0.511696523105414 1.42018646405269 0.879071529347513 1.09099140582093 2.37068148709272 1.21654558441959 -3.03135118412166 -0.44069540567564 -0.911611736671375 -0.649574538676504
"34" -1.9432448472545 -1.17017417266233 0.459482656406948 0.735827768259526 1.27805376193348 -1.2428242866047 0.0958325080956541 0.206225128305078 0.432875395384457 1.19722435194852 -0.789920623221676 1.04915643919878
"35" -1.77367668839307 -1.56970521660918 1.19934771529658 -2.48425227645312 -1.20548407052239 -0.0440194201474498 -2.33738462333706 -1.26887107928762 0.14569733869368 0.41385027659264 1.13669648234601 1.90713603696111
"36" 1.26525603204813 0.312321265050215 -2.36506324438909 -0.109433698933088 -0.951491696588803 -0.0529589019020165 -0.48392881450215 -0.571065034241158 -0.898710524615524 -1.0690018366347 -1.0285039941628 2.76617268349193
"37" 2.53545688484807 -9.24140306006262 -0.341680534219236 -1.96644373017291 0.0280327654825925 -2.68087563158133 -0.800806234940794 -1.70121408846629 0.460169129277247 -1.48976417842424 -1.97646657830961 -0.42043138943157
"38" -0.891425059773596 3.30734103285239 3.52400227596578 -0.354441942514342 -3.19963268267284 0.444619263913665 -0.344675915928789 -0.864960591016228 -1.34790784868653 -0.525474645223852 0.0674448216130088 -0.575659815633017
"39" 0.514174928168558 2.70663059790246 -3.82698545022991 -2.93424969348824 2.00381321524787 -0.650792049688462 0.136176068633574 0.985355856891815 1.32532457291349 -0.730750809808058 -0.0129491905247505 1.64282576933367
"40" 0.519409375353149 0.876645517331909 2.56061387595562 1.0130039108958 0.853332456758707 0.263420682158824 1.82316891646278 -0.00612525097649552 0.698268868777333 -0.398821100951906 -1.55594954492899 1.74867641094491
"41" 0.225727851350129 1.25156799080548 1.79244144852427 -0.494258519173727 1.2672170771279 0.82571545794282 -2.08551698879997 -0.169469039738587 -1.84784421538843 -0.263941166738775 2.02497378362605 -0.219195541834466
"42" 0.682385775782009 4.061881356144 2.03440608686175 2.59618667545273 -1.53384647910902 0.574826277520813 -0.929534804172334 -0.051424422049493 3.29516792725013 1.13433691779727 -0.049965516493657 1.05348421487943
"43" 1.8315127151883 -0.726734221504231 -2.88329190937337 0.232047741734732 -1.90575105777975 -0.866150861073606 -0.795199067047307 1.71049553130688 -0.543402419569674 0.173012777425157 -1.79763729515396 -3.13865855983305
"44" -5.22178082557743 -4.87278126292235 -1.14948505282013 0.702102755897172 -1.02705919327799 -0.226224351085008 0.87782185557937 -0.655830473708392 0.041896994140771 -0.157496874167663 3.12541178707549 -2.5809482419306
"45" -1.61843988734564 1.11142997489131 -1.4053960965397 1.13412241473407 1.71243043260516 1.43464667697744 1.91670622200999 -0.203181061469863 0.390865312817311 -1.55537951582475 1.04929173168763 -0.751617604490391
"46" 1.3772213986054 -4.21469457202458 -0.197141963010807 -1.64347032096087 -0.847653406235139 0.39291097238879 -1.62802338876207 -0.765936966721554 -1.85675314572995 -0.713334289541777 -0.74032559672132 2.4240518536988
"47" -1.41580274309042 4.36671358547319 -0.546669956421326 1.6089365988912 0.50525064085781 1.24779353708595 -1.80032247239255 -1.30228235065573 1.057566555511 2.62950309042515 -2.0715461798487 1.38953088603949
"48" 0.343913125136368 1.31347356382194 1.55753250607503 -0.985155278815796 -0.12076993065223 -0.960824858588182 2.06693449964831 0.509153914475235 -0.585733390347499 2.29584848137519 0.399469477488935 -1.19244097739202
"49" -0.444810584505419 0.417530462925811 0.73531098796856 1.38886569676355 -0.662145174301699 0.129488071435887 -0.648548333768247 -1.22950419378303 -0.93714410879042 1.65649025300378 -0.0870075453699428 -0.899689789473356
"50" 0.609905661068055 -2.30351172278382 -0.226199366890611 -0.383079473315561 1.31779008811691 -1.95267456568192 0.950987128258888 -0.645293902771485 0.772246006229381 0.494011310882598 0.331808632638456 -4.00350728533697
"51" -0.341731502044468 -0.558623593214506 -2.6412262767163 -2.2304175796865 -1.178343467869 1.4383485592403 -0.452986897735926 0.297308365063728 0.595480870098484 -0.605239975446636 1.62991398975794 -0.960107047383275
"52" -1.28133516001488 -1.35525067181234 -3.48568209927652 3.15918985738017 2.03549465973546 -1.15042921692881 1.70468517462369 1.68174288157853 -0.323596633229911 1.04636494772669 -1.1772829141003 1.12357805454769
"53" 0.21239347611575 2.22348841175354 2.63684419464843 -0.299292878137351 -0.617128863494614 -0.790514472339453 -0.448871640254083 -0.524763829907386 -2.66341134913328 -1.5097139737201 0.244805841840716 -0.296585014766862
"54" -0.400141194931365 -1.50188202572491 -1.17244270173619 -2.35112470652341 1.7201573827772 1.06418417564069 -0.160999798106289 2.46973044037163 1.33206013004617 -1.03235377925087 -0.310987861201141 0.377135745137878
"55" 2.80495620628174 1.70606929952876 2.785128795284 1.02821623348382 -0.480867949726857 -0.65652020021146 -0.158981005177679 1.61583971738405 -0.0490956987676014 -4.02818241593899 0.18133110313228 3.31624231899799
"56" 3.3879029139852 0.598234450420009 -0.696521338663942 0.27703495175102 0.533239372688357 -1.01106556343751 0.34582448552267 1.04294008498222 2.56203882832263 -1.05136764490339 0.276352124086259 -1.16147264567731
"57" 1.28338806700565 0.109150817944766 -0.705155398505184 0.523648648430594 1.49648778090864 3.09159523923169 1.57473108290287 -0.771861560903716 -1.02778443613637 1.74523714713715 0.379110095681796 -1.86770338416807
"58" 0.575932890810449 3.49775528945818 3.11136876211329 -1.0368095065776 -0.0339340035687883 0.223405407289519 -0.251474423839468 -0.733336808980354 -1.07545475290253 1.63796032731834 0.913106694766455 0.77494631895074
"59" 0.0855250922335244 -1.03798729360403 0.494033416248584 -0.2799684034743 -1.28454699993527 -1.19847501079234 -1.35988548868595 -1.44218642843887 -0.847969721180135 -1.03349455311209 -0.91702614986113 0.951551429778149
"60" -2.47031399314402 1.04323603084943 0.506344432864381 -1.26053911027601 0.107803334701714 0.442950360179651 -0.657021885097848 -1.50162048316646 -0.427395869680666 0.979220716533845 -0.655319294059055 2.21132765050336
"61" -1.2335683327141 2.47561646395691 0.343890804162029 -1.46213583454663 -1.31663439307448 -1.28170845274792 -2.75314765001852 0.746727650453806 0.617449951451121 -1.00506623516445 -1.31571094759026 -2.12965458001149
"62" -1.72848643548217 -2.22693463386389 2.40327629719934 2.05480084374344 -0.0282056950511702 0.256745746731156 -1.73092502725667 0.29950382464753 -0.0825969410699514 -0.343607134038209 0.0450833014825207 -0.690366300490524
"63" 0.817155952133504 -0.0193301018647958 -0.981238525890788 -0.561546810446302 0.578927303781782 1.28124988264355 1.06777112424662 -0.602688469466642 1.59462028386612 -0.124188290537674 1.63856328836681 1.04278831145855
"64" 2.63438803793176 -2.11682247923164 0.705602483805833 1.53901564179225 -1.55718576726848 1.43675168546754 3.80670676880968 0.553863879134724 0.166035025322714 0.0258888847476726 -0.609261517044587 -0.45890780997523
"65" 0.667737711595549 -1.14470392085484 -2.44810481964198 -0.757081528485244 -2.42550848266875 -0.301997721060317 -0.407207489913176 -0.681776584247018 -1.58318157435365 0.253779172028743 2.21902541298709 0.13711619053332
"66" -5.2950251852792 -1.37373333643325 -1.7411669462077 0.312704645089937 0.124031238655306 -1.23173424035259 0.829124064131335 -0.636045871314124 0.822254977504002 0.0536535843738335 -2.96894324406439 1.19880195167734
"67" 0.589995081429038 -5.61370978909676 -1.30730200683362 -1.72136854833285 1.77348239352207 0.425487865222479 -0.877987160594799 -0.58021909011903 -0.474316932525625 0.948368091343241 0.82342941996788 -0.158900048445446
"68" -4.29756289979572 -0.26941847674675 -4.02292339854003 1.43134586647074 -2.97056102570502 -1.39189526135425 -0.290921168662365 -0.696040754636655 2.19305614861686 0.939683324762001 0.980907247958967 0.782588890872304
"69" 3.1958728664281 0.548068447183638 -1.55317378498036 1.32548165502969 1.61326388532008 0.0125480935243019 -0.545624321554357 -0.1056239192758 -0.283720868550276 0.98459284655813 -1.31283143301042 0.826899692099772
"70" 0.687204693758304 1.94212453366741 2.79804241400342 -0.385709520056736 1.42261843089814 -0.321435375547011 0.0227767327814377 -0.481318850888769 -0.366623123032497 0.147610963466505 -1.04520790952235 0.705478992672397
"71" 0.337166886684543 4.85884880295504 1.66952623625944 -1.00600458028526 1.53774490692402 -0.464255626322498 -0.198778763436664 0.507017237262389 -0.690527525131643 1.3748863140633 0.182392186777889 -2.02112008032168
"72" 0.363189636192558 -2.32098014571834 2.16710013795762 -0.754459130570766 -3.4261747436277 -0.959075438369794 1.29431793591972 1.42579582185124 2.35748172994211 -1.27676946651067 -0.1990445175757 -1.81835078142072
"73" -1.40000181588644 0.0758019928480564 0.709302731341339 0.0611933143791532 1.74211739540506 0.0229385764583441 0.492258184641457 2.14370512123297 0.328547777691597 -1.83551027151458 2.4099636565733 -0.453554789312278
"74" 2.5131606286495 -1.56163931969208 -1.21919107975756 2.17049401146762 1.35172835499003 1.01565158518727 -1.63454106499236 -0.343565639350317 -0.6854142236851 -1.4896295018316 -2.34334062337746 2.21485890407384
"75" 1.89460101075487 0.813313650836761 3.67539976782976 -1.08055238281133 -0.0681682859655552 0.829221187120325 2.67735480041645 1.01916586991189 0.105573228201223 -0.406434907979445 3.8113402402272 1.70828854901458
"76" -0.549395497186836 3.04789110317212 -2.07362786465332 0.5612714825578 -0.552628692653727 -1.75043112249197 2.11696064655156 -0.726721605536213 -1.78248236634596 2.75778454555874 -0.45868532916765 -1.28736559190033
"77" -0.148506813164985 -2.60197976440081 -2.54599376913517 0.651688994111979 -1.40717784867034 0.68477810273707 -1.36673774369815 -1.64793342752786 -2.98221750749481 -0.619294432792742 0.261568669893094 -1.52385589872546
"78" -1.52420292467815 2.19401776695953 1.60669002220979 -1.07015490147732 -0.34874872809398 -0.911967845933134 -1.62725041721622 0.899668882137789 1.14960028769974 -1.02446374415298 0.498370486495446 0.960271071449796
"79" 0.936451438982445 1.44216709098438 -0.545712908160979 -0.106455019043437 0.808769812850983 0.620479721714744 0.00706871800322517 0.0445322262330592 -0.365768100943498 -0.210749744022195 -2.50869488401935 -0.823083317188662
"80" 0.977770679832616 -2.71311383745547 0.093015512270668 -0.424879281941912 1.04441817734717 -1.54563925721729 0.275209138295835 -0.360076352004597 2.46618721376063 -0.27894547224308 -2.30029310576384 -0.153789454101343
"81" -1.00598963520319 1.87704346429828 0.145051294936906 1.1688573804212 1.03304622660501 0.997577357887778 -2.57919516466367 0.575040026369834 0.868305770175311 0.022456357617969 1.01603903956648 2.46069385280155
"82" 0.897872325491875 1.47917029634056 1.59967762279271 -2.26575564661874 1.5066134470395 -1.75983451427774 0.191791625076434 0.742231439164769 -2.66190755252892 2.85376823263383 -1.60947285267605 -1.7187105921961
"83" -0.0659616585279821 3.63777289153467 1.4219027887157 -0.342197476541628 -1.05149389893261 1.96692142674314 -0.349715975246284 -0.825072220763431 -1.3386589293405 -0.123299879488158 1.80268230185375 2.26184754751203
"84" -0.732974132052433 -3.31427845561875 1.59288459652871 -0.222978924273193 0.513053758646862 4.80163823142473 1.17032979608878 4.16534702426345 0.329410863038802 -3.45065334297902 1.016173210101 0.105296324548206
"85" 0.318804151656877 0.125508692457871 -1.30293191054037 -0.137699744860214 -2.06212288849306 -1.14572958664347 -0.581721516343691 0.342961714247124 0.877786215177537 1.41819905444389 -0.627451547929738 -0.543626791615665
"86" -0.909733561522046 -3.0023596733362 -0.242219114450421 -0.196856770094769 -0.304202770349193 1.04965983873743 -0.360402908152722 -2.06636410288583 1.31268676197858 0.825727592654218 -0.848656770229269 -1.87345151228565
"87" -2.35338276591342 -1.10368589148953 -2.28299020279064 -1.0933005613624 -0.575556604688089 0.36462162024425 3.66151909489817 -3.37041943093178 2.76098955789749 2.65530813756641 2.05884288825538 0.989526013764106
"88" 3.12133056881144 3.07272366557494 0.200782303814592 3.75042660438298 0.746570977668156 -0.262175089041818 -1.08441737870929 -1.07889177729267 -1.25724910145588 -0.684578969808896 -1.93737064226214 -0.397119186623087
"89" 1.96051544320568 1.95970181365693 -0.707739321313468 -1.88727270394408 1.58358177917677 -0.0507413909375884 -0.49829767830073 -0.50901659960779 -1.76021235798683 -0.256997749568683 -0.691129968114808 -0.697965157456323
"90" -2.46101894131974 -0.840094481326048 -1.25501126878041 1.62379005543865 1.66076667730204 -1.0952127396308 -0.358880522377802 1.43231867954925 0.989528445944117 -0.659409186299115 1.79911385811583 -0.571044938030752
"91" -2.75699398821988 -0.498297537224971 -0.882699798527966 -0.108469120731712 -2.14518679310935 -0.609214203481329 0.891657409498791 -1.23798376094243 -1.3475542649569 -1.23754760052239 -0.244162331963992 -2.37125017470476
"92" -0.100947708194184 1.23739430522033 0.94094372914941 2.25206485704673 1.37108865404466 -0.809414327199917 -2.54885635379084 0.909231192189964 1.68203923831148 -0.749051173616806 0.208178416502705 1.70146885304699
"93" 1.00374861277017 -5.05429351265201 1.97083195465625 -1.10258472118019 0.625789765115897 -0.0224293958871442 -1.09083558203881 1.01621577011294 -0.541969478378988 -0.447254947147343 0.364944544063391 -0.192738425911571
"94" -0.551390536765979 -2.82427117050693 -2.56064042755014 -1.15389803172961 -2.50392822587858 -1.58664485821046 1.24891937439611 0.0193070059052758 -0.0667505383418074 1.27890717782897 -1.55669528294342 -0.461211702791502
"95" 1.78406880994766 2.31864373855905 1.28851860878552 0.787373921257142 -0.960999529252121 0.0207009946993111 -1.53066569196443 -2.21064938872451 0.32771314356259 1.98348309834059 1.58772092170949 0.798558031447342
"96" 0.590698637672858 -2.147552356026 0.512546518439976 -0.219264619499853 0.372701056190294 0.203735694676951 2.54371364276457 1.33464057180088 -1.88741701394493 -1.25999745592861 1.58869779971511 1.77754232638155
"97" 1.39934805129208 1.89134353656944 -1.11983529293859 -0.93222805907952 -0.641515088299883 -1.51766629896193 -0.0748709861172188 -0.0198976105050974 2.05923671092819 -1.96474513234708 -0.33264291905013 -1.07150854950198
"98" -3.59413500498187 1.52042348966529 2.61357801662164 -1.33692608795921 1.16545924265534 1.5709181891967 -0.470266016438146 0.382194864719764 -2.38698234083461 0.170543674419633 -1.29761889463602 -1.1909401383132
"99" 3.49558456385216 -3.82524403194856 -2.07973575124794 3.12526446983162 1.71498088913219 0.278290011692533 1.25310322599603 1.3752817538342 0.856358432303992 0.167766220730059 0.288119565245296 1.129379179439
"100" -1.52246871423429 0.546850191003358 0.788277700325722 -0.702040547162568 -2.68662654869804 1.16963237824342 0.828786804760426 -0.157218102016898 -0.444521461441411 0.876951266718578 -0.186735048400593 1.63012194331836
"101" 0.794335358490244 2.99003526074407 -0.374364483356842 2.71544063772153 0.487464456943172 -2.18541733825361 -0.217207607865973 0.173367848408574 0.332067020240572 -1.79407154813326 0.22895218381457 -0.64059605836664
"102" -1.04498929719551 0.549631648427535 -0.891157320945936 -1.75331869745872 -2.54798259265594 0.144509481060993 -2.17058766465198 -1.99907280469583 0.252342016378478 -1.88965895779073 -1.73861210278429 -0.712714522864317
"103" -0.370009142502639 0.507955729462964 0.688141377156839 -0.405057103102521 2.54863518247818 0.505543370266679 0.926237903454791 0.754626636795422 -1.75318266342315 2.19586041175329 1.32410447347813 -0.371126623922024
"104" 0.494782945263751 -0.382075922720588 0.410622308274256 -1.21698997117174 0.329601447783503 0.835148208488604 -0.000452690322944704 0.288179585413417 2.10279883274141 1.28658504586456 -0.156968546907322 0.539541146083053
